Loaded image name: city2-neq.jpg
Loaded image W= 15360, H = 8640, actual cpp = 1 
 Beam   Hist_GPU    CDF_GPU  O_CDF_GPU   New_Hist    New_CDF
    0          0          0          0     247482     247482
    1          0          0          0     105402     352884
    2          0          0          0     519234     872118
    3          0          0          0          0     872118
    4          0          0          0    1138448    2010566
    5          0          0          0          0    2010566
    6          0          0          0          0    2010566
    7          0          0          0    1850204    3860770
    8          0          0          0          0    3860770
    9          0          0          0          0    3860770
   10          0          0          0          0    3860770
   11          0          0          0          0    3860770
   12          0          0          0    2211140    6071910
   13          0          0          0          0    6071910
   14          0          0          0          0    6071910
   15          0          0          0          0    6071910
   16          0          0          0          0    6071910
   17          0          0          0          0    6071910
   18          0          0          0          0    6071910
   19          0          0          0          0    6071910
   20          0          0          0    4085636   10157546
   21          0          0          0          0   10157546
   22          0          0          0          0   10157546
   23          0          0          0          0   10157546
   24          0          0          0          0   10157546
   25          0          0          0    2765098   12922644
   26          0          0          0          0   12922644
   27          0          0          0          0   12922644
   28          0          0          0          0   12922644
   29          0          0          0          0   12922644
   30          0          0          0    2732508   15655152
   31          0          0          0          0   15655152
   32          0          0          0          0   15655152
   33          0          0          0          0   15655152
   34          0          0          0          0   15655152
   35          0          0          0          0   15655152
   36          0          0          0    2899832   18554984
   37          0          0          0          0   18554984
   38          0          0          0          0   18554984
   39          0          0          0          0   18554984
   40          0          0          0          0   18554984
   41          0          0          0          0   18554984
   42          0          0          0          0   18554984
   43          0          0          0          0   18554984
   44          0          0          0    4402484   22957468
   45          0          0          0          0   22957468
   46          0          0          0          0   22957468
   47          0          0          0          0   22957468
   48          0          0          0          0   22957468
   49          0          0          0          0   22957468
   50          0          0          0          0   22957468
   51          0          0          0    3633742   26591210
   52          0          0          0          0   26591210
   53          0          0          0          0   26591210
   54          0          0          0          0   26591210
   55          0          0          0          0   26591210
   56          0          0          0          0   26591210
   57          0          0          0    3201839   29793049
   58          0          0          0          0   29793049
   59          0          0          0          0   29793049
   60          0          0          0          0   29793049
   61          0          0          0          0   29793049
   62          0          0          0          0   29793049
   63          0          0          0    3225120   33018169
   64          0          0          0          0   33018169
   65          0          0          0          0   33018169
   66          0          0          0          0   33018169
   67          0          0          0          0   33018169
   68          1          1          1          0   33018169
   69        383        384        384    3122651   36140820
   70       8012       8396       8396          0   36140820
   71       7843      16239      16239          0   36140820
   72       4204      20443      20443          0   36140820
   73       4773      25216      25216          0   36140820
   74       5322      30538      30538          0   36140820
   75      10551      41089      41089          0   36140820
   76      18511      59600      59600          0   36140820
   77      23048      82648      82648          0   36140820
   78      23403     106051     106051    4236211   40377031
   79      40853     146904     146904          0   40377031
   80      43148     190052     190052          0   40377031
   81      57430     247482     247482          0   40377031
   82     105402     352884     352884          0   40377031
   83     519234     872118     872118    2960999   43338030
   84    1138448    2010566    2010566          0   43338030
   85    1850204    3860770    3860770          0   43338030
   86    2211140    6071910    6071910          0   43338030
   87    4085636   10157546   10157546          0   43338030
   88    2765098   12922644   12922644    2506873   45844903
   89    2732508   15655152   15655152          0   45844903
   90    2899832   18554984   18554984          0   45844903
   91    4402484   22957468   22957468          0   45844903
   92    3633742   26591210   26591210          0   45844903
   93    3201839   29793049   29793049    2502477   48347380
   94    3225120   33018169   33018169          0   48347380
   95    3122651   36140820   36140820          0   48347380
   96    4236211   40377031   40377031          0   48347380
   97    2960999   43338030   43338030          0   48347380
   98    2506873   45844903   45844903          0   48347380
   99    2502477   48347380   48347380          0   48347380
  100    3837578   52184958   52184958    3837578   52184958
  101    2511644   54696602   54696602          0   52184958
  102    2409733   57106335   57106335          0   52184958
  103    2306638   59412973   59412973          0   52184958
  104    3083240   62496213   62496213          0   52184958
  105    1995035   64491248   64491248    2511644   54696602
  106    1810481   66301729   66301729          0   54696602
  107    1788116   68089845   68089845          0   54696602
  108    2583865   70673710   70673710          0   54696602
  109    1621507   72295217   72295217          0   54696602
  110    1426147   73721364   73721364    2409733   57106335
  111    1387710   75109074   75109074          0   57106335
  112    1491072   76600146   76600146          0   57106335
  113    2254561   78854707   78854707          0   57106335
  114    1558085   80412792   80412792    2306638   59412973
  115    1442149   81854941   81854941          0   59412973
  116    1370023   83224964   83224964          0   59412973
  117    1982252   85207216   85207216          0   59412973
  118    1336748   86543964   86543964          0   59412973
  119    1373430   87917394   87917394          0   59412973
  120    1294278   89211672   89211672    3083240   62496213
  121    1822797   91034469   91034469          0   62496213
  122    1262678   92297147   92297147          0   62496213
  123    1181001   93478148   93478148          0   62496213
  124    1112796   94590944   94590944    1995035   64491248
  125    1491682   96082626   96082626          0   64491248
  126    1075805   97158431   97158431          0   64491248
  127    1027741   98186172   98186172    1810481   66301729
  128    1088711   99274883   99274883          0   66301729
  129    1263670  100538553  100538553          0   66301729
  130    1990546  102529099  102529099          0   66301729
  131    1556801  104085900  104085900    1788116   68089845
  132    1559361  105645261  105645261          0   68089845
  133    1375494  107020755  107020755          0   68089845
  134    2116062  109136817  109136817          0   68089845
  135    1497077  110633894  110633894          0   68089845
  136    1587422  112221316  112221316    2583865   70673710
  137    1177958  113399274  113399274          0   70673710
  138    1437606  114836880  114836880          0   70673710
  139     867908  115704788  115704788    1621507   72295217
  140     925091  116629879  116629879          0   72295217
  141     862336  117492215  117492215          0   72295217
  142    1316043  118808258  118808258    1426147   73721364
  143     883869  119692127  119692127          0   73721364
  144     908553  120600680  120600680    1387710   75109074
  145    1041300  121641980  121641980          0   75109074
  146     996745  122638725  122638725          0   75109074
  147    1359652  123998377  123998377    1491072   76600146
  148     994461  124992838  124992838          0   76600146
  149     908244  125901082  125901082          0   76600146
  150     985183  126886265  126886265          0   76600146
  151    1143936  128030201  128030201          0   76600146
  152     508924  128539125  128539125    2254561   78854707
  153     411578  128950703  128950703          0   78854707
  154     381082  129331785  129331785          0   78854707
  155     522826  129854611  129854611    1558085   80412792
  156     346122  130200733  130200733          0   80412792
  157     306356  130507089  130507089    1442149   81854941
  158     295270  130802359  130802359          0   81854941
  159     374618  131176977  131176977          0   81854941
  160     236687  131413664  131413664    1370023   83224964
  161     270749  131684413  131684413          0   83224964
  162     267688  131952101  131952101          0   83224964
  163     205819  132157920  132157920          0   83224964
  164     211055  132368975  132368975    1982252   85207216
  165     140503  132509478  132509478          0   85207216
  166      87116  132596594  132596594    1336748   86543964
  167      40736  132637330  132637330          0   86543964
  168      33901  132671231  132671231          0   86543964
  169      13871  132685102  132685102    1373430   87917394
  170       8710  132693812  132693812          0   87917394
  171       5654  132699466  132699466    1294278   89211672
  172       5083  132704549  132704549          0   89211672
  173       2046  132706595  132706595          0   89211672
  174       1211  132707806  132707806          0   89211672
  175        810  132708616  132708616    1822797   91034469
  176        695  132709311  132709311          0   91034469
  177        379  132709690  132709690    1262678   92297147
  178        273  132709963  132709963          0   92297147
  179        147  132710110  132710110          0   92297147
  180        115  132710225  132710225    1181001   93478148
  181         54  132710279  132710279          0   93478148
  182         41  132710320  132710320    1112796   94590944
  183         24  132710344  132710344          0   94590944
  184         50  132710394  132710394          0   94590944
  185          5  132710399  132710399    1491682   96082626
  186          1  132710400  132710400          0   96082626
  187          0  132710400  132710400    1075805   97158431
  188          0  132710400  132710400          0   97158431
  189          0  132710400  132710400    1027741   98186172
  190          0  132710400  132710400          0   98186172
  191          0  132710400  132710400    1088711   99274883
  192          0  132710400  132710400          0   99274883
  193          0  132710400  132710400    1263670  100538553
  194          0  132710400  132710400          0  100538553
  195          0  132710400  132710400          0  100538553
  196          0  132710400  132710400          0  100538553
  197          0  132710400  132710400    1990546  102529099
  198          0  132710400  132710400          0  102529099
  199          0  132710400  132710400          0  102529099
  200          0  132710400  132710400    1556801  104085900
  201          0  132710400  132710400          0  104085900
  202          0  132710400  132710400          0  104085900
  203          0  132710400  132710400    1559361  105645261
  204          0  132710400  132710400          0  105645261
  205          0  132710400  132710400          0  105645261
  206          0  132710400  132710400    1375494  107020755
  207          0  132710400  132710400          0  107020755
  208          0  132710400  132710400          0  107020755
  209          0  132710400  132710400          0  107020755
  210          0  132710400  132710400    2116062  109136817
  211          0  132710400  132710400          0  109136817
  212          0  132710400  132710400          0  109136817
  213          0  132710400  132710400    1497077  110633894
  214          0  132710400  132710400          0  110633894
  215          0  132710400  132710400          0  110633894
  216          0  132710400  132710400    1587422  112221316
  217          0  132710400  132710400          0  112221316
  218          0  132710400  132710400    1177958  113399274
  219          0  132710400  132710400          0  113399274
  220          0  132710400  132710400          0  113399274
  221          0  132710400  132710400    1437606  114836880
  222          0  132710400  132710400     867908  115704788
  223          0  132710400  132710400          0  115704788
  224          0  132710400  132710400     925091  116629879
  225          0  132710400  132710400          0  116629879
  226          0  132710400  132710400     862336  117492215
  227          0  132710400  132710400          0  117492215
  228          0  132710400  132710400    1316043  118808258
  229          0  132710400  132710400          0  118808258
  230          0  132710400  132710400     883869  119692127
  231          0  132710400  132710400          0  119692127
  232          0  132710400  132710400     908553  120600680
  233          0  132710400  132710400          0  120600680
  234          0  132710400  132710400    1041300  121641980
  235          0  132710400  132710400          0  121641980
  236          0  132710400  132710400     996745  122638725
  237          0  132710400  132710400          0  122638725
  238          0  132710400  132710400    1359652  123998377
  239          0  132710400  132710400          0  123998377
  240          0  132710400  132710400     994461  124992838
  241          0  132710400  132710400          0  124992838
  242          0  132710400  132710400     908244  125901082
  243          0  132710400  132710400          0  125901082
  244          0  132710400  132710400     985183  126886265
  245          0  132710400  132710400          0  126886265
  246          0  132710400  132710400    1143936  128030201
  247          0  132710400  132710400     508924  128539125
  248          0  132710400  132710400     411578  128950703
  249          0  132710400  132710400     381082  129331785
  250          0  132710400  132710400     868948  130200733
  251          0  132710400  132710400     601626  130802359
  252          0  132710400  132710400     374618  131176977
  253          0  132710400  132710400     507436  131684413
  254          0  132710400  132710400     684562  132368975
  255          0  132710400  132710400     341425  132710400
Running on GPU: Tesla V100S-PCIE-32GB
Hist: 3.363392 ms CDF: 0.018784 ms CDF op: 0.018848 ms equalize: 1.097056 ms

