Loaded image name: forest-neq.jpg
Loaded image W= 12325, H = 9979, actual cpp = 1 
 Beam   Hist_GPU    CDF_GPU  O_CDF_GPU   New_Hist    New_CDF
    0          0          0          0      89594      89594
    1          0          0          0     460017     549611
    2          0          0          0          0     549611
    3          0          0          0          0     549611
    4          0          0          0    1244707    1794318
    5          0          0          0          0    1794318
    6          0          0          0          0    1794318
    7          0          0          0    1716768    3511086
    8          0          0          0          0    3511086
    9          0          0          0          0    3511086
   10          0          0          0          0    3511086
   11          0          0          0          0    3511086
   12          0          0          0    2234023    5745109
   13          0          0          0          0    5745109
   14          0          0          0          0    5745109
   15          0          0          0          0    5745109
   16          0          0          0    1852946    7598055
   17          0          0          0          0    7598055
   18          0          0          0          0    7598055
   19          0          0          0          0    7598055
   20          0          0          0          0    7598055
   21          0          0          0          0    7598055
   22          0          0          0    3093644   10691699
   23          0          0          0          0   10691699
   24          0          0          0          0   10691699
   25          0          0          0          0   10691699
   26          0          0          0          0   10691699
   27          0          0          0          0   10691699
   28          0          0          0          0   10691699
   29          0          0          0          0   10691699
   30          0          0          0    3555653   14247352
   31          0          0          0          0   14247352
   32          0          0          0          0   14247352
   33          0          0          0          0   14247352
   34          0          0          0          0   14247352
   35          0          0          0          0   14247352
   36          0          0          0          0   14247352
   37          0          0          0    3799298   18046650
   38          0          0          0          0   18046650
   39          0          0          0          0   18046650
   40          0          0          0          0   18046650
   41          0          0          0          0   18046650
   42          0          0          0          0   18046650
   43          0          0          0    2823719   20870369
   44          0          0          0          0   20870369
   45          0          0          0          0   20870369
   46          0          0          0          0   20870369
   47          0          0          0          0   20870369
   48          0          0          0          0   20870369
   49          0          0          0          0   20870369
   50          0          0          0          0   20870369
   51          0          0          0          0   20870369
   52          0          0          0    4110753   24981122
   53          0          0          0          0   24981122
   54          0          0          0          0   24981122
   55          0          0          0          0   24981122
   56          0          0          0          0   24981122
   57          0          0          0          0   24981122
   58          0          0          0          0   24981122
   59          0          0          0          0   24981122
   60          0          0          0    4198929   29180051
   61          0          0          0          0   29180051
   62          0          0          0          0   29180051
   63          0          0          0          0   29180051
   64          0          0          0          0   29180051
   65          0          0          0          0   29180051
   66          0          0          0          0   29180051
   67          0          0          0          0   29180051
   68          0          0          0          0   29180051
   69          0          0          0    4197623   33377674
   70          0          0          0          0   33377674
   71          0          0          0          0   33377674
   72          0          0          0          0   33377674
   73          0          0          0          0   33377674
   74          0          0          0          0   33377674
   75          0          0          0          0   33377674
   76          0          0          0          0   33377674
   77          0          0          0          0   33377674
   78          0          0          0    4038263   37415937
   79          0          0          0          0   37415937
   80       2532       2532       2532          0   37415937
   81      87062      89594      89594          0   37415937
   82     460017     549611     549611          0   37415937
   83    1244707    1794318    1794318    2787693   40203630
   84    1716768    3511086    3511086          0   40203630
   85    2234023    5745109    5745109          0   40203630
   86    1852946    7598055    7598055          0   40203630
   87    3093644   10691699   10691699          0   40203630
   88    3555653   14247352   14247352          0   40203630
   89    3799298   18046650   18046650          0   40203630
   90    2823719   20870369   20870369          0   40203630
   91    4110753   24981122   24981122    3903612   44107242
   92    4198929   29180051   29180051          0   44107242
   93    4197623   33377674   33377674          0   44107242
   94    4038263   37415937   37415937          0   44107242
   95    2787693   40203630   40203630          0   44107242
   96    3903612   44107242   44107242          0   44107242
   97    3834058   47941300   47941300          0   44107242
   98    3686539   51627839   51627839          0   44107242
   99    2553366   54181205   54181205    3834058   47941300
  100    3642449   57823654   57823654          0   47941300
  101    3625616   61449270   61449270          0   47941300
  102    3430501   64879771   64879771          0   47941300
  103    2280015   67159786   67159786          0   47941300
  104    3039073   70198859   70198859          0   47941300
  105    2820846   73019705   73019705          0   47941300
  106    2580334   75600039   75600039          0   47941300
  107    2348117   77948156   77948156    3686539   51627839
  108    1550221   79498377   79498377          0   51627839
  109    2077688   81576065   81576065          0   51627839
  110    1983483   83559548   83559548          0   51627839
  111    1843686   85403234   85403234          0   51627839
  112    1230159   86633393   86633393    2553366   54181205
  113    1673737   88307130   88307130          0   54181205
  114    1602228   89909358   89909358          0   54181205
  115    1512216   91421574   91421574          0   54181205
  116    1412925   92834499   92834499          0   54181205
  117     948230   93782729   93782729          0   54181205
  118    1295439   95078168   95078168          0   54181205
  119    1256299   96334467   96334467          0   54181205
  120    1184643   97519110   97519110    3642449   57823654
  121     800868   98319978   98319978          0   57823654
  122    1097280   99417258   99417258          0   57823654
  123    1068951  100486209  100486209          0   57823654
  124    1004170  101490379  101490379          0   57823654
  125     672727  102163106  102163106          0   57823654
  126     918547  103081653  103081653          0   57823654
  127     889197  103970850  103970850    3625616   61449270
  128     846170  104817020  104817020          0   61449270
  129     791855  105608875  105608875          0   61449270
  130     532422  106141297  106141297          0   61449270
  131     731614  106872911  106872911          0   61449270
  132     707011  107579922  107579922          0   61449270
  133     664801  108244723  108244723          0   61449270
  134     447629  108692352  108692352          0   61449270
  135     609914  109302266  109302266    3430501   64879771
  136     591387  109893653  109893653          0   64879771
  137     558211  110451864  110451864          0   64879771
  138     378842  110830706  110830706          0   64879771
  139     514727  111345433  111345433    2280015   67159786
  140     501693  111847126  111847126          0   67159786
  141     477070  112324196  112324196          0   67159786
  142     449273  112773469  112773469          0   67159786
  143     302807  113076276  113076276          0   67159786
  144     413041  113489317  113489317          0   67159786
  145     402346  113891663  113891663          0   67159786
  146     383444  114275107  114275107    3039073   70198859
  147     261121  114536228  114536228          0   70198859
  148     361353  114897581  114897581          0   70198859
  149     356661  115254242  115254242          0   70198859
  150     348408  115602650  115602650          0   70198859
  151     335897  115938547  115938547    2820846   73019705
  152     232239  116170786  116170786          0   73019705
  153     324002  116494788  116494788          0   73019705
  154     326073  116820861  116820861          0   73019705
  155     318876  117139737  117139737          0   73019705
  156     219537  117359274  117359274          0   73019705
  157     302266  117661540  117661540    2580334   75600039
  158     297656  117959196  117959196          0   75600039
  159     282973  118242169  118242169          0   75600039
  160     190936  118433105  118433105          0   75600039
  161     257233  118690338  118690338          0   75600039
  162     250106  118940444  118940444    2348117   77948156
  163     236056  119176500  119176500          0   77948156
  164     224275  119400775  119400775          0   77948156
  165     154414  119555189  119555189    1550221   79498377
  166     219964  119775153  119775153          0   79498377
  167     230282  120005435  120005435          0   79498377
  168     233943  120239378  120239378          0   79498377
  169     172263  120411641  120411641    2077688   81576065
  170     261032  120672673  120672673          0   81576065
  171     320782  120993455  120993455          0   81576065
  172     486112  121479567  121479567          0   81576065
  173     806205  122285772  122285772    1983483   83559548
  174     691061  122976833  122976833          0   83559548
  175      14342  122991175  122991175          0   83559548
  176          0  122991175  122991175          0   83559548
  177          0  122991175  122991175    1843686   85403234
  178          0  122991175  122991175          0   85403234
  179          0  122991175  122991175          0   85403234
  180          0  122991175  122991175    1230159   86633393
  181          0  122991175  122991175          0   86633393
  182          0  122991175  122991175          0   86633393
  183          0  122991175  122991175    1673737   88307130
  184          0  122991175  122991175          0   88307130
  185          0  122991175  122991175          0   88307130
  186          0  122991175  122991175    1602228   89909358
  187          0  122991175  122991175          0   89909358
  188          0  122991175  122991175          0   89909358
  189          0  122991175  122991175          0   89909358
  190          0  122991175  122991175    1512216   91421574
  191          0  122991175  122991175          0   91421574
  192          0  122991175  122991175    1412925   92834499
  193          0  122991175  122991175          0   92834499
  194          0  122991175  122991175     948230   93782729
  195          0  122991175  122991175          0   93782729
  196          0  122991175  122991175          0   93782729
  197          0  122991175  122991175    1295439   95078168
  198          0  122991175  122991175          0   95078168
  199          0  122991175  122991175          0   95078168
  200          0  122991175  122991175    1256299   96334467
  201          0  122991175  122991175          0   96334467
  202          0  122991175  122991175    1184643   97519110
  203          0  122991175  122991175          0   97519110
  204          0  122991175  122991175     800868   98319978
  205          0  122991175  122991175          0   98319978
  206          0  122991175  122991175    1097280   99417258
  207          0  122991175  122991175          0   99417258
  208          0  122991175  122991175    1068951  100486209
  209          0  122991175  122991175          0  100486209
  210          0  122991175  122991175    1004170  101490379
  211          0  122991175  122991175          0  101490379
  212          0  122991175  122991175     672727  102163106
  213          0  122991175  122991175          0  102163106
  214          0  122991175  122991175     918547  103081653
  215          0  122991175  122991175          0  103081653
  216          0  122991175  122991175     889197  103970850
  217          0  122991175  122991175     846170  104817020
  218          0  122991175  122991175          0  104817020
  219          0  122991175  122991175     791855  105608875
  220          0  122991175  122991175     532422  106141297
  221          0  122991175  122991175          0  106141297
  222          0  122991175  122991175     731614  106872911
  223          0  122991175  122991175     707011  107579922
  224          0  122991175  122991175     664801  108244723
  225          0  122991175  122991175     447629  108692352
  226          0  122991175  122991175          0  108692352
  227          0  122991175  122991175     609914  109302266
  228          0  122991175  122991175     591387  109893653
  229          0  122991175  122991175     558211  110451864
  230          0  122991175  122991175     378842  110830706
  231          0  122991175  122991175     514727  111345433
  232          0  122991175  122991175     501693  111847126
  233          0  122991175  122991175     477070  112324196
  234          0  122991175  122991175     752080  113076276
  235          0  122991175  122991175     413041  113489317
  236          0  122991175  122991175     402346  113891663
  237          0  122991175  122991175     644565  114536228
  238          0  122991175  122991175     361353  114897581
  239          0  122991175  122991175     356661  115254242
  240          0  122991175  122991175     684305  115938547
  241          0  122991175  122991175     232239  116170786
  242          0  122991175  122991175     650075  116820861
  243          0  122991175  122991175     538413  117359274
  244          0  122991175  122991175     302266  117661540
  245          0  122991175  122991175     580629  118242169
  246          0  122991175  122991175     448169  118690338
  247          0  122991175  122991175     486162  119176500
  248          0  122991175  122991175     598653  119775153
  249          0  122991175  122991175     464225  120239378
  250          0  122991175  122991175     433295  120672673
  251          0  122991175  122991175     320782  120993455
  252          0  122991175  122991175     486112  121479567
  253          0  122991175  122991175          0  121479567
  254          0  122991175  122991175     806205  122285772
  255          0  122991175  122991175     705403  122991175
Running on GPU: Tesla V100S-PCIE-32GB
Hist: 3.147872 ms CDF: 0.019264 ms CDF op: 0.016992 ms equalize: 1.024192 ms

