Loaded image name: obala-neq.jpg
Loaded image W= 3024, H = 4032, actual cpp = 1 
 Beam   Hist_GPU    CDF_GPU  O_CDF_GPU   New_Hist    New_CDF
    0          0          0          0       1540       1540
    1          0          0          0      24618      26158
    2          0          0          0          0      26158
    3          0          0          0     105461     131619
    4          0          0          0          0     131619
    5          0          0          0          0     131619
    6          0          0          0          0     131619
    7          0          0          0          0     131619
    8          0          0          0     244515     376134
    9          0          0          0          0     376134
   10          0          0          0          0     376134
   11          0          0          0          0     376134
   12          0          0          0          0     376134
   13          0          0          0     237088     613222
   14          0          0          0          0     613222
   15          0          0          0          0     613222
   16          0          0          0          0     613222
   17          0          0          0          0     613222
   18          0          0          0     244737     857959
   19          0          0          0          0     857959
   20          0          0          0          0     857959
   21          0          0          0          0     857959
   22          0          0          0          0     857959
   23          0          0          0     239784    1097743
   24          0          0          0          0    1097743
   25          0          0          0          0    1097743
   26          0          0          0          0    1097743
   27          0          0          0     197701    1295444
   28          0          0          0          0    1295444
   29          0          0          0          0    1295444
   30          0          0          0          0    1295444
   31          0          0          0     188290    1483734
   32          0          0          0          0    1483734
   33          0          0          0          0    1483734
   34          0          0          0          0    1483734
   35          0          0          0     180585    1664319
   36          0          0          0          0    1664319
   37          0          0          0          0    1664319
   38          0          0          0     154313    1818632
   39          0          0          0          0    1818632
   40          0          0          0          0    1818632
   41          0          0          0     130280    1948912
   42          0          0          0          0    1948912
   43          0          0          0          0    1948912
   44          0          0          0     151139    2100051
   45          0          0          0          0    2100051
   46          0          0          0          0    2100051
   47          0          0          0     165934    2265985
   48          0          0          0          0    2265985
   49          0          0          0          0    2265985
   50          0          0          0          0    2265985
   51          0          0          0     189086    2455071
   52          0          0          0          0    2455071
   53          0          0          0          0    2455071
   54          0          0          0          0    2455071
   55          0          0          0     198569    2653640
   56          0          0          0          0    2653640
   57          0          0          0          0    2653640
   58          0          0          0          0    2653640
   59          0          0          0          0    2653640
   60          0          0          0          0    2653640
   61          0          0          0     244480    2898120
   62          0          0          0          0    2898120
   63          0          0          0          0    2898120
   64          0          0          0          0    2898120
   65          0          0          0     233437    3131557
   66          0          0          0          0    3131557
   67          0          0          0          0    3131557
   68          0          0          0          0    3131557
   69          0          0          0          0    3131557
   70          0          0          0          0    3131557
   71          0          0          0     244481    3376038
   72          0          0          0          0    3376038
   73          0          0          0          0    3376038
   74          0          0          0     173307    3549345
   75          0          0          0          0    3549345
   76          0          0          0          0    3549345
   77          0          0          0          0    3549345
   78          0          0          0     161216    3710561
   79          0          0          0          0    3710561
   80          0          0          0          0    3710561
   81          0          0          0     146626    3857187
   82          0          0          0          0    3857187
   83          0          0          0          0    3857187
   84          0          0          0     143162    4000349
   85         34         34         34          0    4000349
   86       1506       1540       1540          0    4000349
   87      24618      26158      26158     154089    4154438
   88     105461     131619     131619          0    4154438
   89     244515     376134     376134          0    4154438
   90     237088     613222     613222          0    4154438
   91     244737     857959     857959     185907    4340345
   92     239784    1097743    1097743          0    4340345
   93     197701    1295444    1295444          0    4340345
   94     188290    1483734    1483734          0    4340345
   95     180585    1664319    1664319          0    4340345
   96     154313    1818632    1818632     264060    4604405
   97     130280    1948912    1948912          0    4604405
   98     151139    2100051    2100051          0    4604405
   99     165934    2265985    2265985          0    4604405
  100     189086    2455071    2455071          0    4604405
  101     198569    2653640    2653640          0    4604405
  102     244480    2898120    2898120          0    4604405
  103     233437    3131557    3131557          0    4604405
  104     244481    3376038    3376038     345449    4949854
  105     173307    3549345    3549345          0    4949854
  106     161216    3710561    3710561          0    4949854
  107     146626    3857187    3857187          0    4949854
  108     143162    4000349    4000349          0    4949854
  109     154089    4154438    4154438          0    4949854
  110     185907    4340345    4340345          0    4949854
  111     264060    4604405    4604405     375852    5325706
  112     345449    4949854    4949854          0    5325706
  113     375852    5325706    5325706          0    5325706
  114     361209    5686915    5686915          0    5325706
  115     284119    5971034    5971034          0    5325706
  116     236732    6207766    6207766          0    5325706
  117     226231    6433997    6433997          0    5325706
  118     232396    6666393    6666393          0    5325706
  119     267992    6934385    6934385     361209    5686915
  120     385907    7320292    7320292          0    5686915
  121     333138    7653430    7653430          0    5686915
  122     358539    8011969    8011969          0    5686915
  123     394212    8406181    8406181          0    5686915
  124     444031    8850212    8850212          0    5686915
  125     435457    9285669    9285669     284119    5971034
  126     368579    9654248    9654248          0    5971034
  127     295249    9949497    9949497          0    5971034
  128     242197   10191694   10191694          0    5971034
  129     206450   10398144   10398144          0    5971034
  130     180903   10579047   10579047     236732    6207766
  131     170763   10749810   10749810          0    6207766
  132     152080   10901890   10901890          0    6207766
  133     139755   11041645   11041645          0    6207766
  134     133835   11175480   11175480          0    6207766
  135     173207   11348687   11348687     226231    6433997
  136     130264   11478951   11478951          0    6433997
  137     141042   11619993   11619993          0    6433997
  138     112226   11732219   11732219          0    6433997
  139      86244   11818463   11818463     232396    6666393
  140      73776   11892239   11892239          0    6666393
  141      66863   11959102   11959102          0    6666393
  142      54721   12013823   12013823          0    6666393
  143      48863   12062686   12062686          0    6666393
  144      38468   12101154   12101154          0    6666393
  145      22466   12123620   12123620     267992    6934385
  146      16868   12140488   12140488          0    6934385
  147       6624   12147112   12147112          0    6934385
  148       3361   12150473   12150473          0    6934385
  149       2560   12153033   12153033          0    6934385
  150       2197   12155230   12155230          0    6934385
  151       2520   12157750   12157750          0    6934385
  152       2000   12159750   12159750          0    6934385
  153       1776   12161526   12161526     385907    7320292
  154       2037   12163563   12163563          0    7320292
  155       1712   12165275   12165275          0    7320292
  156       1696   12166971   12166971          0    7320292
  157       1539   12168510   12168510          0    7320292
  158       1925   12170435   12170435          0    7320292
  159       1843   12172278   12172278          0    7320292
  160       2185   12174463   12174463     333138    7653430
  161       8032   12182495   12182495          0    7653430
  162       9957   12192452   12192452          0    7653430
  163        312   12192764   12192764          0    7653430
  164          4   12192768   12192768          0    7653430
  165          0   12192768   12192768          0    7653430
  166          0   12192768   12192768          0    7653430
  167          0   12192768   12192768          0    7653430
  168          0   12192768   12192768     358539    8011969
  169          0   12192768   12192768          0    8011969
  170          0   12192768   12192768          0    8011969
  171          0   12192768   12192768          0    8011969
  172          0   12192768   12192768          0    8011969
  173          0   12192768   12192768          0    8011969
  174          0   12192768   12192768          0    8011969
  175          0   12192768   12192768          0    8011969
  176          0   12192768   12192768     394212    8406181
  177          0   12192768   12192768          0    8406181
  178          0   12192768   12192768          0    8406181
  179          0   12192768   12192768          0    8406181
  180          0   12192768   12192768          0    8406181
  181          0   12192768   12192768          0    8406181
  182          0   12192768   12192768          0    8406181
  183          0   12192768   12192768          0    8406181
  184          0   12192768   12192768          0    8406181
  185          0   12192768   12192768     444031    8850212
  186          0   12192768   12192768          0    8850212
  187          0   12192768   12192768          0    8850212
  188          0   12192768   12192768          0    8850212
  189          0   12192768   12192768          0    8850212
  190          0   12192768   12192768          0    8850212
  191          0   12192768   12192768          0    8850212
  192          0   12192768   12192768          0    8850212
  193          0   12192768   12192768          0    8850212
  194          0   12192768   12192768     435457    9285669
  195          0   12192768   12192768          0    9285669
  196          0   12192768   12192768          0    9285669
  197          0   12192768   12192768          0    9285669
  198          0   12192768   12192768          0    9285669
  199          0   12192768   12192768          0    9285669
  200          0   12192768   12192768          0    9285669
  201          0   12192768   12192768          0    9285669
  202          0   12192768   12192768     368579    9654248
  203          0   12192768   12192768          0    9654248
  204          0   12192768   12192768          0    9654248
  205          0   12192768   12192768          0    9654248
  206          0   12192768   12192768          0    9654248
  207          0   12192768   12192768          0    9654248
  208          0   12192768   12192768     295249    9949497
  209          0   12192768   12192768          0    9949497
  210          0   12192768   12192768          0    9949497
  211          0   12192768   12192768          0    9949497
  212          0   12192768   12192768          0    9949497
  213          0   12192768   12192768     242197   10191694
  214          0   12192768   12192768          0   10191694
  215          0   12192768   12192768          0   10191694
  216          0   12192768   12192768          0   10191694
  217          0   12192768   12192768     206450   10398144
  218          0   12192768   12192768          0   10398144
  219          0   12192768   12192768          0   10398144
  220          0   12192768   12192768          0   10398144
  221          0   12192768   12192768     180903   10579047
  222          0   12192768   12192768          0   10579047
  223          0   12192768   12192768          0   10579047
  224          0   12192768   12192768          0   10579047
  225          0   12192768   12192768     170763   10749810
  226          0   12192768   12192768          0   10749810
  227          0   12192768   12192768          0   10749810
  228          0   12192768   12192768     152080   10901890
  229          0   12192768   12192768          0   10901890
  230          0   12192768   12192768          0   10901890
  231          0   12192768   12192768     139755   11041645
  232          0   12192768   12192768          0   11041645
  233          0   12192768   12192768          0   11041645
  234          0   12192768   12192768     133835   11175480
  235          0   12192768   12192768          0   11175480
  236          0   12192768   12192768          0   11175480
  237          0   12192768   12192768     173207   11348687
  238          0   12192768   12192768          0   11348687
  239          0   12192768   12192768          0   11348687
  240          0   12192768   12192768     130264   11478951
  241          0   12192768   12192768          0   11478951
  242          0   12192768   12192768          0   11478951
  243          0   12192768   12192768     141042   11619993
  244          0   12192768   12192768          0   11619993
  245          0   12192768   12192768     112226   11732219
  246          0   12192768   12192768          0   11732219
  247          0   12192768   12192768      86244   11818463
  248          0   12192768   12192768          0   11818463
  249          0   12192768   12192768      73776   11892239
  250          0   12192768   12192768      66863   11959102
  251          0   12192768   12192768      54721   12013823
  252          0   12192768   12192768      48863   12062686
  253          0   12192768   12192768      38468   12101154
  254          0   12192768   12192768      67356   12168510
  255          0   12192768   12192768      24258   12192768
Running on GPU: Tesla V100S-PCIE-32GB
Hist: 1.707328 ms CDF: 0.024512 ms CDF op: 0.024224 ms equalize: 0.141696 ms

