Loaded image name: oneColor.jpg
Loaded image W= 15360, H = 8640, actual cpp = 3 
 Beam   Hist_GPU    CDF_GPU  O_CDF_GPU   New_Hist    New_CDF
    0          0          0          0  132710400  132710400
    1          0          0          0          0  132710400
    2          0          0          0          0  132710400
    3          0          0          0          0  132710400
    4          0          0          0          0  132710400
    5          0          0          0          0  132710400
    6          0          0          0          0  132710400
    7          0          0          0          0  132710400
    8          0          0          0          0  132710400
    9          0          0          0          0  132710400
   10          0          0          0          0  132710400
   11          0          0          0          0  132710400
   12          0          0          0          0  132710400
   13          0          0          0          0  132710400
   14          0          0          0          0  132710400
   15          0          0          0          0  132710400
   16          0          0          0          0  132710400
   17          0          0          0          0  132710400
   18          0          0          0          0  132710400
   19          0          0          0          0  132710400
   20          0          0          0          0  132710400
   21          0          0          0          0  132710400
   22          0          0          0          0  132710400
   23          0          0          0          0  132710400
   24          0          0          0          0  132710400
   25          0          0          0          0  132710400
   26          0          0          0          0  132710400
   27          0          0          0          0  132710400
   28          0          0          0          0  132710400
   29          0          0          0          0  132710400
   30          0          0          0          0  132710400
   31          0          0          0          0  132710400
   32          0          0          0          0  132710400
   33          0          0          0          0  132710400
   34          0          0          0          0  132710400
   35          0          0          0          0  132710400
   36          0          0          0          0  132710400
   37          0          0          0          0  132710400
   38          0          0          0          0  132710400
   39          0          0          0          0  132710400
   40          0          0          0          0  132710400
   41          0          0          0          0  132710400
   42          0          0          0          0  132710400
   43          0          0          0          0  132710400
   44          0          0          0          0  132710400
   45          0          0          0          0  132710400
   46          0          0          0          0  132710400
   47          0          0          0          0  132710400
   48          0          0          0          0  132710400
   49          0          0          0          0  132710400
   50          0          0          0          0  132710400
   51          0          0          0          0  132710400
   52          0          0          0          0  132710400
   53          0          0          0          0  132710400
   54          0          0          0          0  132710400
   55          0          0          0          0  132710400
   56          0          0          0          0  132710400
   57          0          0          0          0  132710400
   58          0          0          0          0  132710400
   59          0          0          0          0  132710400
   60          0          0          0          0  132710400
   61          0          0          0          0  132710400
   62          0          0          0          0  132710400
   63          0          0          0          0  132710400
   64          0          0          0          0  132710400
   65          0          0          0          0  132710400
   66          0          0          0          0  132710400
   67          0          0          0          0  132710400
   68          0          0          0          0  132710400
   69          0          0          0          0  132710400
   70          0          0          0          0  132710400
   71          0          0          0          0  132710400
   72          0          0          0          0  132710400
   73          0          0          0          0  132710400
   74          0          0          0          0  132710400
   75          0          0          0          0  132710400
   76          0          0          0          0  132710400
   77          0          0          0          0  132710400
   78          0          0          0          0  132710400
   79          0          0          0          0  132710400
   80          0          0          0          0  132710400
   81          0          0          0          0  132710400
   82          0          0          0          0  132710400
   83          0          0          0          0  132710400
   84          0          0          0          0  132710400
   85          0          0          0          0  132710400
   86          0          0          0          0  132710400
   87          0          0          0          0  132710400
   88          0          0          0          0  132710400
   89          0          0          0          0  132710400
   90          0          0          0          0  132710400
   91          0          0          0          0  132710400
   92          0          0          0          0  132710400
   93          0          0          0          0  132710400
   94          0          0          0          0  132710400
   95          0          0          0          0  132710400
   96          0          0          0          0  132710400
   97          0          0          0          0  132710400
   98          0          0          0          0  132710400
   99          0          0          0          0  132710400
  100          0          0          0          0  132710400
  101          0          0          0          0  132710400
  102          0          0          0          0  132710400
  103          0          0          0          0  132710400
  104          0          0          0          0  132710400
  105          0          0          0          0  132710400
  106          0          0          0          0  132710400
  107          0          0          0          0  132710400
  108          0          0          0          0  132710400
  109          0          0          0          0  132710400
  110          0          0          0          0  132710400
  111          0          0          0          0  132710400
  112          0          0          0          0  132710400
  113          0          0          0          0  132710400
  114          0          0          0          0  132710400
  115          0          0          0          0  132710400
  116          0          0          0          0  132710400
  117          0          0          0          0  132710400
  118          0          0          0          0  132710400
  119          0          0          0          0  132710400
  120          0          0          0          0  132710400
  121          0          0          0          0  132710400
  122          0          0          0          0  132710400
  123          0          0          0          0  132710400
  124          0          0          0          0  132710400
  125          0          0          0          0  132710400
  126          0          0          0          0  132710400
  127          0          0          0          0  132710400
  128  132710400  132710400  132710400          0  132710400
  129          0  132710400  132710400          0  132710400
  130          0  132710400  132710400          0  132710400
  131          0  132710400  132710400          0  132710400
  132          0  132710400  132710400          0  132710400
  133          0  132710400  132710400          0  132710400
  134          0  132710400  132710400          0  132710400
  135          0  132710400  132710400          0  132710400
  136          0  132710400  132710400          0  132710400
  137          0  132710400  132710400          0  132710400
  138          0  132710400  132710400          0  132710400
  139          0  132710400  132710400          0  132710400
  140          0  132710400  132710400          0  132710400
  141          0  132710400  132710400          0  132710400
  142          0  132710400  132710400          0  132710400
  143          0  132710400  132710400          0  132710400
  144          0  132710400  132710400          0  132710400
  145          0  132710400  132710400          0  132710400
  146          0  132710400  132710400          0  132710400
  147          0  132710400  132710400          0  132710400
  148          0  132710400  132710400          0  132710400
  149          0  132710400  132710400          0  132710400
  150          0  132710400  132710400          0  132710400
  151          0  132710400  132710400          0  132710400
  152          0  132710400  132710400          0  132710400
  153          0  132710400  132710400          0  132710400
  154          0  132710400  132710400          0  132710400
  155          0  132710400  132710400          0  132710400
  156          0  132710400  132710400          0  132710400
  157          0  132710400  132710400          0  132710400
  158          0  132710400  132710400          0  132710400
  159          0  132710400  132710400          0  132710400
  160          0  132710400  132710400          0  132710400
  161          0  132710400  132710400          0  132710400
  162          0  132710400  132710400          0  132710400
  163          0  132710400  132710400          0  132710400
  164          0  132710400  132710400          0  132710400
  165          0  132710400  132710400          0  132710400
  166          0  132710400  132710400          0  132710400
  167          0  132710400  132710400          0  132710400
  168          0  132710400  132710400          0  132710400
  169          0  132710400  132710400          0  132710400
  170          0  132710400  132710400          0  132710400
  171          0  132710400  132710400          0  132710400
  172          0  132710400  132710400          0  132710400
  173          0  132710400  132710400          0  132710400
  174          0  132710400  132710400          0  132710400
  175          0  132710400  132710400          0  132710400
  176          0  132710400  132710400          0  132710400
  177          0  132710400  132710400          0  132710400
  178          0  132710400  132710400          0  132710400
  179          0  132710400  132710400          0  132710400
  180          0  132710400  132710400          0  132710400
  181          0  132710400  132710400          0  132710400
  182          0  132710400  132710400          0  132710400
  183          0  132710400  132710400          0  132710400
  184          0  132710400  132710400          0  132710400
  185          0  132710400  132710400          0  132710400
  186          0  132710400  132710400          0  132710400
  187          0  132710400  132710400          0  132710400
  188          0  132710400  132710400          0  132710400
  189          0  132710400  132710400          0  132710400
  190          0  132710400  132710400          0  132710400
  191          0  132710400  132710400          0  132710400
  192          0  132710400  132710400          0  132710400
  193          0  132710400  132710400          0  132710400
  194          0  132710400  132710400          0  132710400
  195          0  132710400  132710400          0  132710400
  196          0  132710400  132710400          0  132710400
  197          0  132710400  132710400          0  132710400
  198          0  132710400  132710400          0  132710400
  199          0  132710400  132710400          0  132710400
  200          0  132710400  132710400          0  132710400
  201          0  132710400  132710400          0  132710400
  202          0  132710400  132710400          0  132710400
  203          0  132710400  132710400          0  132710400
  204          0  132710400  132710400          0  132710400
  205          0  132710400  132710400          0  132710400
  206          0  132710400  132710400          0  132710400
  207          0  132710400  132710400          0  132710400
  208          0  132710400  132710400          0  132710400
  209          0  132710400  132710400          0  132710400
  210          0  132710400  132710400          0  132710400
  211          0  132710400  132710400          0  132710400
  212          0  132710400  132710400          0  132710400
  213          0  132710400  132710400          0  132710400
  214          0  132710400  132710400          0  132710400
  215          0  132710400  132710400          0  132710400
  216          0  132710400  132710400          0  132710400
  217          0  132710400  132710400          0  132710400
  218          0  132710400  132710400          0  132710400
  219          0  132710400  132710400          0  132710400
  220          0  132710400  132710400          0  132710400
  221          0  132710400  132710400          0  132710400
  222          0  132710400  132710400          0  132710400
  223          0  132710400  132710400          0  132710400
  224          0  132710400  132710400          0  132710400
  225          0  132710400  132710400          0  132710400
  226          0  132710400  132710400          0  132710400
  227          0  132710400  132710400          0  132710400
  228          0  132710400  132710400          0  132710400
  229          0  132710400  132710400          0  132710400
  230          0  132710400  132710400          0  132710400
  231          0  132710400  132710400          0  132710400
  232          0  132710400  132710400          0  132710400
  233          0  132710400  132710400          0  132710400
  234          0  132710400  132710400          0  132710400
  235          0  132710400  132710400          0  132710400
  236          0  132710400  132710400          0  132710400
  237          0  132710400  132710400          0  132710400
  238          0  132710400  132710400          0  132710400
  239          0  132710400  132710400          0  132710400
  240          0  132710400  132710400          0  132710400
  241          0  132710400  132710400          0  132710400
  242          0  132710400  132710400          0  132710400
  243          0  132710400  132710400          0  132710400
  244          0  132710400  132710400          0  132710400
  245          0  132710400  132710400          0  132710400
  246          0  132710400  132710400          0  132710400
  247          0  132710400  132710400          0  132710400
  248          0  132710400  132710400          0  132710400
  249          0  132710400  132710400          0  132710400
  250          0  132710400  132710400          0  132710400
  251          0  132710400  132710400          0  132710400
  252          0  132710400  132710400          0  132710400
  253          0  132710400  132710400          0  132710400
  254          0  132710400  132710400          0  132710400
  255          0  132710400  132710400          0  132710400
Running on GPU: Tesla V100S-PCIE-32GB
Hist: 3.066208 ms CDF: 0.016192 ms CDF op: 0.018592 ms equalize: 1.337888 ms

