Loaded image name: perfectColor-s.jpg
Loaded image W= 1920, H = 1080, actual cpp = 3 
 Beam   Hist_GPU    CDF_GPU  O_CDF_GPU   New_Hist    New_CDF
    0       8100       8100       8100       8100       8100
    1       8100      16200      16200       8100      16200
    2       8100      24300      24300       8100      24300
    3       8100      32400      32400       8100      32400
    4       8100      40500      40500       8100      40500
    5       8100      48600      48600       8100      48600
    6       8100      56700      56700       8100      56700
    7       8100      64800      64800       8100      64800
    8       8100      72900      72900       8100      72900
    9       8100      81000      81000       8100      81000
   10       8100      89100      89100       8100      89100
   11       8100      97200      97200       8100      97200
   12       8100     105300     105300       8100     105300
   13       8100     113400     113400       8100     113400
   14       8100     121500     121500       8100     121500
   15       8100     129600     129600       8100     129600
   16       8100     137700     137700       8100     137700
   17       8100     145800     145800       8100     145800
   18       8100     153900     153900       8100     153900
   19       8100     162000     162000       8100     162000
   20       8100     170100     170100       8100     170100
   21       8100     178200     178200       8100     178200
   22       8100     186300     186300       8100     186300
   23       8100     194400     194400       8100     194400
   24       8100     202500     202500       8100     202500
   25       8100     210600     210600       8100     210600
   26       8100     218700     218700       8100     218700
   27       8100     226800     226800       8100     226800
   28       8100     234900     234900       8100     234900
   29       8100     243000     243000       8100     243000
   30       8100     251100     251100       8100     251100
   31       8100     259200     259200       8100     259200
   32       8100     267300     267300       8100     267300
   33       8100     275400     275400       8100     275400
   34       8100     283500     283500       8100     283500
   35       8100     291600     291600       8100     291600
   36       8100     299700     299700       8100     299700
   37       8100     307800     307800       8100     307800
   38       8100     315900     315900       8100     315900
   39       8100     324000     324000       8100     324000
   40       8100     332100     332100       8100     332100
   41       8100     340200     340200       8100     340200
   42       8100     348300     348300       8100     348300
   43       8100     356400     356400       8100     356400
   44       8100     364500     364500       8100     364500
   45       8100     372600     372600       8100     372600
   46       8100     380700     380700       8100     380700
   47       8100     388800     388800       8100     388800
   48       8100     396900     396900       8100     396900
   49       8100     405000     405000       8100     405000
   50       8100     413100     413100       8100     413100
   51       8100     421200     421200       8100     421200
   52       8100     429300     429300       8100     429300
   53       8100     437400     437400       8100     437400
   54       8100     445500     445500       8100     445500
   55       8100     453600     453600       8100     453600
   56       8100     461700     461700       8100     461700
   57       8100     469800     469800       8100     469800
   58       8100     477900     477900       8100     477900
   59       8100     486000     486000       8100     486000
   60       8100     494100     494100       8100     494100
   61       8100     502200     502200       8100     502200
   62       8100     510300     510300       8100     510300
   63       8100     518400     518400       8100     518400
   64       8100     526500     526500       8100     526500
   65       8100     534600     534600       8100     534600
   66       8100     542700     542700       8100     542700
   67       8100     550800     550800       8100     550800
   68       8100     558900     558900       8100     558900
   69       8100     567000     567000       8100     567000
   70       8100     575100     575100       8100     575100
   71       8100     583200     583200       8100     583200
   72       8100     591300     591300       8100     591300
   73       8100     599400     599400       8100     599400
   74       8100     607500     607500       8100     607500
   75       8100     615600     615600       8100     615600
   76       8100     623700     623700       8100     623700
   77       8100     631800     631800       8100     631800
   78       8100     639900     639900       8100     639900
   79       8100     648000     648000       8100     648000
   80       8100     656100     656100       8100     656100
   81       8100     664200     664200       8100     664200
   82       8100     672300     672300       8100     672300
   83       8100     680400     680400       8100     680400
   84       8100     688500     688500       8100     688500
   85       8100     696600     696600       8100     696600
   86       8100     704700     704700       8100     704700
   87       8100     712800     712800       8100     712800
   88       8100     720900     720900       8100     720900
   89       8100     729000     729000       8100     729000
   90       8100     737100     737100       8100     737100
   91       8100     745200     745200       8100     745200
   92       8100     753300     753300       8100     753300
   93       8100     761400     761400       8100     761400
   94       8100     769500     769500       8100     769500
   95       8100     777600     777600       8100     777600
   96       8100     785700     785700       8100     785700
   97       8100     793800     793800       8100     793800
   98       8100     801900     801900       8100     801900
   99       8100     810000     810000       8100     810000
  100       8100     818100     818100       8100     818100
  101       8100     826200     826200       8100     826200
  102       8100     834300     834300       8100     834300
  103       8100     842400     842400       8100     842400
  104       8100     850500     850500       8100     850500
  105       8100     858600     858600       8100     858600
  106       8100     866700     866700       8100     866700
  107       8100     874800     874800       8100     874800
  108       8100     882900     882900       8100     882900
  109       8100     891000     891000       8100     891000
  110       8100     899100     899100       8100     899100
  111       8100     907200     907200       8100     907200
  112       8100     915300     915300       8100     915300
  113       8100     923400     923400       8100     923400
  114       8100     931500     931500       8100     931500
  115       8100     939600     939600       8100     939600
  116       8100     947700     947700       8100     947700
  117       8100     955800     955800       8100     955800
  118       8100     963900     963900       8100     963900
  119       8100     972000     972000       8100     972000
  120       8100     980100     980100       8100     980100
  121       8100     988200     988200       8100     988200
  122       8100     996300     996300       8100     996300
  123       8100    1004400    1004400       8100    1004400
  124       8100    1012500    1012500       8100    1012500
  125       8100    1020600    1020600       8100    1020600
  126       8100    1028700    1028700       8100    1028700
  127       8100    1036800    1036800       8100    1036800
  128       8100    1044900    1044900       8100    1044900
  129       8100    1053000    1053000       8100    1053000
  130       8100    1061100    1061100       8100    1061100
  131       8100    1069200    1069200       8100    1069200
  132       8100    1077300    1077300       8100    1077300
  133       8100    1085400    1085400       8100    1085400
  134       8100    1093500    1093500       8100    1093500
  135       8100    1101600    1101600       8100    1101600
  136       8100    1109700    1109700       8100    1109700
  137       8100    1117800    1117800       8100    1117800
  138       8100    1125900    1125900       8100    1125900
  139       8100    1134000    1134000       8100    1134000
  140       8100    1142100    1142100       8100    1142100
  141       8100    1150200    1150200       8100    1150200
  142       8100    1158300    1158300       8100    1158300
  143       8100    1166400    1166400       8100    1166400
  144       8100    1174500    1174500       8100    1174500
  145       8100    1182600    1182600       8100    1182600
  146       8100    1190700    1190700       8100    1190700
  147       8100    1198800    1198800       8100    1198800
  148       8100    1206900    1206900       8100    1206900
  149       8100    1215000    1215000       8100    1215000
  150       8100    1223100    1223100       8100    1223100
  151       8100    1231200    1231200       8100    1231200
  152       8100    1239300    1239300       8100    1239300
  153       8100    1247400    1247400       8100    1247400
  154       8100    1255500    1255500       8100    1255500
  155       8100    1263600    1263600       8100    1263600
  156       8100    1271700    1271700       8100    1271700
  157       8100    1279800    1279800       8100    1279800
  158       8100    1287900    1287900       8100    1287900
  159       8100    1296000    1296000       8100    1296000
  160       8100    1304100    1304100       8100    1304100
  161       8100    1312200    1312200       8100    1312200
  162       8100    1320300    1320300       8100    1320300
  163       8100    1328400    1328400       8100    1328400
  164       8100    1336500    1336500       8100    1336500
  165       8100    1344600    1344600       8100    1344600
  166       8100    1352700    1352700       8100    1352700
  167       8100    1360800    1360800       8100    1360800
  168       8100    1368900    1368900       8100    1368900
  169       8100    1377000    1377000       8100    1377000
  170       8100    1385100    1385100       8100    1385100
  171       8100    1393200    1393200       8100    1393200
  172       8100    1401300    1401300       8100    1401300
  173       8100    1409400    1409400       8100    1409400
  174       8100    1417500    1417500       8100    1417500
  175       8100    1425600    1425600       8100    1425600
  176       8100    1433700    1433700       8100    1433700
  177       8100    1441800    1441800       8100    1441800
  178       8100    1449900    1449900       8100    1449900
  179       8100    1458000    1458000       8100    1458000
  180       8100    1466100    1466100       8100    1466100
  181       8100    1474200    1474200       8100    1474200
  182       8100    1482300    1482300       8100    1482300
  183       8100    1490400    1490400       8100    1490400
  184       8100    1498500    1498500       8100    1498500
  185       8100    1506600    1506600       8100    1506600
  186       8100    1514700    1514700       8100    1514700
  187       8100    1522800    1522800       8100    1522800
  188       8100    1530900    1530900       8100    1530900
  189       8100    1539000    1539000       8100    1539000
  190       8100    1547100    1547100       8100    1547100
  191       8100    1555200    1555200       8100    1555200
  192       8100    1563300    1563300       8100    1563300
  193       8100    1571400    1571400       8100    1571400
  194       8100    1579500    1579500       8100    1579500
  195       8100    1587600    1587600       8100    1587600
  196       8100    1595700    1595700       8100    1595700
  197       8100    1603800    1603800       8100    1603800
  198       8100    1611900    1611900       8100    1611900
  199       8100    1620000    1620000       8100    1620000
  200       8100    1628100    1628100       8100    1628100
  201       8100    1636200    1636200       8100    1636200
  202       8100    1644300    1644300       8100    1644300
  203       8100    1652400    1652400       8100    1652400
  204       8100    1660500    1660500       8100    1660500
  205       8100    1668600    1668600       8100    1668600
  206       8100    1676700    1676700       8100    1676700
  207       8100    1684800    1684800       8100    1684800
  208       8100    1692900    1692900       8100    1692900
  209       8100    1701000    1701000       8100    1701000
  210       8100    1709100    1709100       8100    1709100
  211       8100    1717200    1717200       8100    1717200
  212       8100    1725300    1725300       8100    1725300
  213       8100    1733400    1733400       8100    1733400
  214       8100    1741500    1741500       8100    1741500
  215       8100    1749600    1749600       8100    1749600
  216       8100    1757700    1757700       8100    1757700
  217       8100    1765800    1765800       8100    1765800
  218       8100    1773900    1773900       8100    1773900
  219       8100    1782000    1782000       8100    1782000
  220       8100    1790100    1790100       8100    1790100
  221       8100    1798200    1798200       8100    1798200
  222       8100    1806300    1806300       8100    1806300
  223       8100    1814400    1814400       8100    1814400
  224       8100    1822500    1822500       8100    1822500
  225       8100    1830600    1830600       8100    1830600
  226       8100    1838700    1838700       8100    1838700
  227       8100    1846800    1846800       8100    1846800
  228       8100    1854900    1854900       8100    1854900
  229       8100    1863000    1863000       8100    1863000
  230       8100    1871100    1871100       8100    1871100
  231       8100    1879200    1879200       8100    1879200
  232       8100    1887300    1887300       8100    1887300
  233       8100    1895400    1895400       8100    1895400
  234       8100    1903500    1903500       8100    1903500
  235       8100    1911600    1911600       8100    1911600
  236       8100    1919700    1919700       8100    1919700
  237       8100    1927800    1927800       8100    1927800
  238       8100    1935900    1935900       8100    1935900
  239       8100    1944000    1944000       8100    1944000
  240       8100    1952100    1952100       8100    1952100
  241       8100    1960200    1960200       8100    1960200
  242       8100    1968300    1968300       8100    1968300
  243       8100    1976400    1976400       8100    1976400
  244       8100    1984500    1984500       8100    1984500
  245       8100    1992600    1992600       8100    1992600
  246       8100    2000700    2000700       8100    2000700
  247       8100    2008800    2008800       8100    2008800
  248       8100    2016900    2016900       8100    2016900
  249       8100    2025000    2025000       8100    2025000
  250       8100    2033100    2033100       8100    2033100
  251       8100    2041200    2041200       8100    2041200
  252       8100    2049300    2049300       8100    2049300
  253       8100    2057400    2057400       8100    2057400
  254       8100    2065500    2065500       8100    2065500
  255       8100    2073600    2073600       8100    2073600
Running on GPU: Tesla V100S-PCIE-32GB
Hist: 0.946080 ms CDF: 0.025664 ms CDF op: 0.024000 ms equalize: 0.055488 ms

