Loaded image name: s-kolesar-neq.jpg
Loaded image W= 400, H = 250, actual cpp = 4 
 Beam   Hist_GPU    CDF_GPU  O_CDF_GPU   New_Hist    New_CDF
    0          0          0          0        180        180
    1          0          0          0          0        180
    2          0          0          0        603        783
    3          0          0          0          0        783
    4          0          0          0          0        783
    5          0          0          0       1274       2057
    6          0          0          0          0       2057
    7          0          0          0          0       2057
    8          0          0          0          0       2057
    9          0          0          0          0       2057
   10          0          0          0       1895       3952
   11          0          0          0          0       3952
   12          0          0          0          0       3952
   13          0          0          0          0       3952
   14          0          0          0          0       3952
   15          0          0          0       1819       5771
   16          0          0          0          0       5771
   17          0          0          0          0       5771
   18          0          0          0          0       5771
   19          0          0          0          0       5771
   20          0          0          0       1943       7714
   21          0          0          0          0       7714
   22          0          0          0          0       7714
   23          0          0          0          0       7714
   24          0          0          0          0       7714
   25          0          0          0       1911       9625
   26          0          0          0          0       9625
   27          0          0          0          0       9625
   28          0          0          0          0       9625
   29          0          0          0       1886      11511
   30          0          0          0          0      11511
   31          0          0          0          0      11511
   32          0          0          0          0      11511
   33          0          0          0          0      11511
   34          0          0          0       1916      13427
   35          0          0          0          0      13427
   36          0          0          0          0      13427
   37          0          0          0          0      13427
   38          0          0          0          0      13427
   39          0          0          0       2004      15431
   40          0          0          0          0      15431
   41          0          0          0          0      15431
   42          0          0          0          0      15431
   43          0          0          0          0      15431
   44          0          0          0          0      15431
   45          0          0          0       2022      17453
   46          0          0          0          0      17453
   47          0          0          0          0      17453
   48          0          0          0          0      17453
   49          0          0          0       1954      19407
   50          0          0          0          0      19407
   51          0          0          0          0      19407
   52          0          0          0          0      19407
   53          0          0          0          0      19407
   54          0          0          0       1819      21226
   55          0          0          0          0      21226
   56          0          0          0          0      21226
   57          0          0          0          0      21226
   58          0          0          0          0      21226
   59          0          0          0       1779      23005
   60          0          0          0          0      23005
   61          0          0          0          0      23005
   62          0          0          0          0      23005
   63          0          0          0       1619      24624
   64          0          0          0          0      24624
   65          0          0          0          0      24624
   66          0          0          0          0      24624
   67          0          0          0       1528      26152
   68          0          0          0          0      26152
   69          0          0          0          0      26152
   70          0          0          0          0      26152
   71          0          0          0       1552      27704
   72          0          0          0          0      27704
   73          0          0          0          0      27704
   74          0          0          0       1493      29197
   75          0          0          0          0      29197
   76          0          0          0          0      29197
   77          0          0          0          0      29197
   78          0          0          0       1425      30622
   79          0          0          0          0      30622
   80          0          0          0          0      30622
   81          0          0          0          0      30622
   82          0          0          0       1370      31992
   83          0          0          0          0      31992
   84          0          0          0          0      31992
   85          0          0          0       1306      33298
   86          0          0          0          0      33298
   87          0          0          0          0      33298
   88          0          0          0       1360      34658
   89          0          0          0          0      34658
   90          0          0          0          0      34658
   91          0          0          0          0      34658
   92          0          0          0       1380      36038
   93          0          0          0          0      36038
   94          0          0          0          0      36038
   95          0          0          0       1414      37452
   96          0          0          0          0      37452
   97          0          0          0          0      37452
   98          2          2          2          0      37452
   99        178        180        180       1414      38866
  100        603        783        783          0      38866
  101       1274       2057       2057          0      38866
  102       1895       3952       3952          0      38866
  103       1819       5771       5771       1483      40349
  104       1943       7714       7714          0      40349
  105       1911       9625       9625          0      40349
  106       1886      11511      11511          0      40349
  107       1916      13427      13427       1508      41857
  108       2004      15431      15431          0      41857
  109       2022      17453      17453          0      41857
  110       1954      19407      19407          0      41857
  111       1819      21226      21226       1481      43338
  112       1779      23005      23005          0      43338
  113       1619      24624      24624          0      43338
  114       1528      26152      26152       1376      44714
  115       1552      27704      27704          0      44714
  116       1493      29197      29197          0      44714
  117       1425      30622      30622       1260      45974
  118       1370      31992      31992          0      45974
  119       1306      33298      33298          0      45974
  120       1360      34658      34658        941      46915
  121       1380      36038      36038          0      46915
  122       1414      37452      37452        749      47664
  123       1414      38866      38866        672      48336
  124       1483      40349      40349          0      48336
  125       1508      41857      41857        568      48904
  126       1481      43338      43338          0      48904
  127       1376      44714      44714        714      49618
  128       1260      45974      45974          0      49618
  129        941      46915      46915        811      50429
  130        749      47664      47664          0      50429
  131        672      48336      48336        991      51420
  132        568      48904      48904          0      51420
  133        714      49618      49618          0      51420
  134        811      50429      50429       1296      52716
  135        991      51420      51420          0      52716
  136       1296      52716      52716          0      52716
  137       1641      54357      54357          0      52716
  138       1995      56352      56352          0      52716
  139       2105      58457      58457       1641      54357
  140       2444      60901      60901          0      54357
  141       3251      64152      64152          0      54357
  142       4324      68476      68476          0      54357
  143       5450      73926      73926          0      54357
  144       5833      79759      79759       1995      56352
  145       6199      85958      85958          0      56352
  146       5721      91679      91679          0      56352
  147       3345      95024      95024          0      56352
  148       2320      97344      97344          0      56352
  149       1589      98933      98933       2105      58457
  150        503      99436      99436          0      58457
  151        202      99638      99638          0      58457
  152        128      99766      99766          0      58457
  153         63      99829      99829          0      58457
  154         59      99888      99888          0      58457
  155         68      99956      99956       2444      60901
  156         43      99999      99999          0      60901
  157          1     100000     100000          0      60901
  158          0     100000     100000          0      60901
  159          0     100000     100000          0      60901
  160          0     100000     100000          0      60901
  161          0     100000     100000          0      60901
  162          0     100000     100000          0      60901
  163          0     100000     100000          0      60901
  164          0     100000     100000       3251      64152
  165          0     100000     100000          0      64152
  166          0     100000     100000          0      64152
  167          0     100000     100000          0      64152
  168          0     100000     100000          0      64152
  169          0     100000     100000          0      64152
  170          0     100000     100000          0      64152
  171          0     100000     100000          0      64152
  172          0     100000     100000          0      64152
  173          0     100000     100000          0      64152
  174          0     100000     100000          0      64152
  175          0     100000     100000       4324      68476
  176          0     100000     100000          0      68476
  177          0     100000     100000          0      68476
  178          0     100000     100000          0      68476
  179          0     100000     100000          0      68476
  180          0     100000     100000          0      68476
  181          0     100000     100000          0      68476
  182          0     100000     100000          0      68476
  183          0     100000     100000          0      68476
  184          0     100000     100000          0      68476
  185          0     100000     100000          0      68476
  186          0     100000     100000          0      68476
  187          0     100000     100000          0      68476
  188          0     100000     100000          0      68476
  189          0     100000     100000       5450      73926
  190          0     100000     100000          0      73926
  191          0     100000     100000          0      73926
  192          0     100000     100000          0      73926
  193          0     100000     100000          0      73926
  194          0     100000     100000          0      73926
  195          0     100000     100000          0      73926
  196          0     100000     100000          0      73926
  197          0     100000     100000          0      73926
  198          0     100000     100000          0      73926
  199          0     100000     100000          0      73926
  200          0     100000     100000          0      73926
  201          0     100000     100000          0      73926
  202          0     100000     100000          0      73926
  203          0     100000     100000       5833      79759
  204          0     100000     100000          0      79759
  205          0     100000     100000          0      79759
  206          0     100000     100000          0      79759
  207          0     100000     100000          0      79759
  208          0     100000     100000          0      79759
  209          0     100000     100000          0      79759
  210          0     100000     100000          0      79759
  211          0     100000     100000          0      79759
  212          0     100000     100000          0      79759
  213          0     100000     100000          0      79759
  214          0     100000     100000          0      79759
  215          0     100000     100000          0      79759
  216          0     100000     100000          0      79759
  217          0     100000     100000          0      79759
  218          0     100000     100000          0      79759
  219          0     100000     100000       6199      85958
  220          0     100000     100000          0      85958
  221          0     100000     100000          0      85958
  222          0     100000     100000          0      85958
  223          0     100000     100000          0      85958
  224          0     100000     100000          0      85958
  225          0     100000     100000          0      85958
  226          0     100000     100000          0      85958
  227          0     100000     100000          0      85958
  228          0     100000     100000          0      85958
  229          0     100000     100000          0      85958
  230          0     100000     100000          0      85958
  231          0     100000     100000          0      85958
  232          0     100000     100000          0      85958
  233          0     100000     100000          0      85958
  234          0     100000     100000       5721      91679
  235          0     100000     100000          0      91679
  236          0     100000     100000          0      91679
  237          0     100000     100000          0      91679
  238          0     100000     100000          0      91679
  239          0     100000     100000          0      91679
  240          0     100000     100000          0      91679
  241          0     100000     100000          0      91679
  242          0     100000     100000       3345      95024
  243          0     100000     100000          0      95024
  244          0     100000     100000          0      95024
  245          0     100000     100000          0      95024
  246          0     100000     100000          0      95024
  247          0     100000     100000          0      95024
  248          0     100000     100000       2320      97344
  249          0     100000     100000          0      97344
  250          0     100000     100000          0      97344
  251          0     100000     100000          0      97344
  252          0     100000     100000       1589      98933
  253          0     100000     100000          0      98933
  254          0     100000     100000        833      99766
  255          0     100000     100000        234     100000
Running on GPU: Tesla V100S-PCIE-32GB
Hist: 0.993088 ms CDF: 0.024928 ms CDF op: 0.023840 ms equalize: 0.042336 ms

