Loaded image name: truck-neq.jpg
Loaded image W= 1512, H = 2016, actual cpp = 1 
 Beam   Hist_GPU    CDF_GPU  O_CDF_GPU   New_Hist    New_CDF
    0          0          0          0        717        717
    1          0          0          0      16878      17595
    2          0          0          0          0      17595
    3          0          0          0      13913      31508
    4          0          0          0          0      31508
    5          0          0          0      23578      55086
    6          0          0          0          0      55086
    7          0          0          0      32319      87405
    8          0          0          0          0      87405
    9          0          0          0          0      87405
   10          0          0          0          0      87405
   11          0          0          0      47632     135037
   12          0          0          0          0     135037
   13          0          0          0          0     135037
   14          0          0          0          0     135037
   15          0          0          0      41254     176291
   16          0          0          0          0     176291
   17          0          0          0          0     176291
   18          0          0          0      40988     217279
   19          0          0          0          0     217279
   20          0          0          0          0     217279
   21          0          0          0      37526     254805
   22          0          0          0          0     254805
   23          0          0          0          0     254805
   24          0          0          0      33842     288647
   25          0          0          0          0     288647
   26          0          0          0          0     288647
   27          0          0          0      31709     320356
   28          0          0          0          0     320356
   29          0          0          0      31863     352219
   30          0          0          0          0     352219
   31          0          0          0          0     352219
   32          0          0          0      35196     387415
   33          0          0          0          0     387415
   34          0          0          0          0     387415
   35          0          0          0          0     387415
   36          0          0          0          0     387415
   37          0          0          0      49501     436916
   38          0          0          0          0     436916
   39          0          0          0          0     436916
   40          0          0          0      39267     476183
   41          0          0          0          0     476183
   42          0          0          0          0     476183
   43          0          0          0      37193     513376
   44          0          0          0          0     513376
   45          0          0          0          0     513376
   46          0          0          0      38023     551399
   47          0          0          0          0     551399
   48          0          0          0          0     551399
   49          0          0          0      36047     587446
   50          0          0          0          0     587446
   51          0          0          0          0     587446
   52          0          0          0      33602     621048
   53          0          0          0          0     621048
   54          0          0          0          0     621048
   55          0          0          0      32511     653559
   56          0          0          0          0     653559
   57          0          0          0          0     653559
   58          0          0          0      36251     689810
   59          0          0          0          0     689810
   60          0          0          0      27731     717541
   61          0          0          0          0     717541
   62          0          0          0      29560     747101
   63          0          0          0          0     747101
   64          0          0          0          0     747101
   65          0          0          0      29148     776249
   66          0          0          0          0     776249
   67          0          0          0      29359     805608
   68          0          0          0          0     805608
   69          0          0          0          0     805608
   70          0          0          0      27743     833351
   71          0          0          0          0     833351
   72          0          0          0      28678     862029
   73          0          0          0          0     862029
   74          0          0          0          0     862029
   75          0          0          0      30875     892904
   76          0          0          0          0     892904
   77          0          0          0          0     892904
   78          0          0          0      41663     934567
   79          0          0          0          0     934567
   80          0          0          0          0     934567
   81          0          0          0      35398     969965
   82          0          0          0          0     969965
   83          0          0          0          0     969965
   84          0          0          0      33044    1003009
   85          0          0          0          0    1003009
   86         14         14         14          0    1003009
   87        703        717        717      39436    1042445
   88       6852       7569       7569          0    1042445
   89      10026      17595      17595          0    1042445
   90      13913      31508      31508          0    1042445
   91      23578      55086      55086          0    1042445
   92      32319      87405      87405          0    1042445
   93      47632     135037     135037          0    1042445
   94      41254     176291     176291          0    1042445
   95      40988     217279     217279          0    1042445
   96      37526     254805     254805          0    1042445
   97      33842     288647     288647          0    1042445
   98      31709     320356     320356     127248    1169693
   99      31863     352219     352219          0    1169693
  100      35196     387415     387415          0    1169693
  101      49501     436916     436916          0    1169693
  102      39267     476183     476183          0    1169693
  103      37193     513376     513376          0    1169693
  104      38023     551399     551399          0    1169693
  105      36047     587446     587446          0    1169693
  106      33602     621048     621048          0    1169693
  107      32511     653559     653559          0    1169693
  108      36251     689810     689810          0    1169693
  109      27731     717541     717541          0    1169693
  110      29560     747101     747101     144280    1313973
  111      29148     776249     776249          0    1313973
  112      29359     805608     805608          0    1313973
  113      27743     833351     833351          0    1313973
  114      28678     862029     862029          0    1313973
  115      30875     892904     892904          0    1313973
  116      41663     934567     934567          0    1313973
  117      35398     969965     969965          0    1313973
  118      33044    1003009    1003009          0    1313973
  119      39436    1042445    1042445          0    1313973
  120     127248    1169693    1169693          0    1313973
  121     144280    1313973    1313973          0    1313973
  122     147472    1461445    1461445     147472    1461445
  123     141682    1603127    1603127          0    1461445
  124     207044    1810171    1810171          0    1461445
  125     145443    1955614    1955614          0    1461445
  126     132303    2087917    2087917          0    1461445
  127     103807    2191724    2191724          0    1461445
  128      92293    2284017    2284017          0    1461445
  129      89345    2373362    2373362          0    1461445
  130      71720    2445082    2445082          0    1461445
  131      73425    2518507    2518507          0    1461445
  132      43839    2562346    2562346          0    1461445
  133      37000    2599346    2599346          0    1461445
  134      37479    2636825    2636825     141682    1603127
  135      34137    2670962    2670962          0    1603127
  136      33443    2704405    2704405          0    1603127
  137      27240    2731645    2731645          0    1603127
  138      30458    2762103    2762103          0    1603127
  139      29983    2792086    2792086          0    1603127
  140      18882    2810968    2810968          0    1603127
  141      15813    2826781    2826781          0    1603127
  142      14820    2841601    2841601          0    1603127
  143      13606    2855207    2855207          0    1603127
  144      11186    2866393    2866393          0    1603127
  145      10980    2877373    2877373          0    1603127
  146      10685    2888058    2888058          0    1603127
  147      11026    2899084    2899084          0    1603127
  148       7515    2906599    2906599          0    1603127
  149       7038    2913637    2913637          0    1603127
  150       6764    2920401    2920401          0    1603127
  151       5842    2926243    2926243     207044    1810171
  152       5206    2931449    2931449          0    1810171
  153       5556    2937005    2937005          0    1810171
  154       7444    2944449    2944449          0    1810171
  155       5812    2950261    2950261          0    1810171
  156       5490    2955751    2955751          0    1810171
  157       5000    2960751    2960751          0    1810171
  158       4744    2965495    2965495          0    1810171
  159       4917    2970412    2970412          0    1810171
  160       5392    2975804    2975804          0    1810171
  161       5508    2981312    2981312          0    1810171
  162      10449    2991761    2991761          0    1810171
  163      12524    3004285    3004285          0    1810171
  164      15459    3019744    3019744     145443    1955614
  165      14930    3034674    3034674          0    1955614
  166       6875    3041549    3041549          0    1955614
  167       4393    3045942    3045942          0    1955614
  168       2151    3048093    3048093          0    1955614
  169         99    3048192    3048192          0    1955614
  170          0    3048192    3048192          0    1955614
  171          0    3048192    3048192          0    1955614
  172          0    3048192    3048192          0    1955614
  173          0    3048192    3048192          0    1955614
  174          0    3048192    3048192          0    1955614
  175          0    3048192    3048192     132303    2087917
  176          0    3048192    3048192          0    2087917
  177          0    3048192    3048192          0    2087917
  178          0    3048192    3048192          0    2087917
  179          0    3048192    3048192          0    2087917
  180          0    3048192    3048192          0    2087917
  181          0    3048192    3048192          0    2087917
  182          0    3048192    3048192          0    2087917
  183          0    3048192    3048192     103807    2191724
  184          0    3048192    3048192          0    2191724
  185          0    3048192    3048192          0    2191724
  186          0    3048192    3048192          0    2191724
  187          0    3048192    3048192          0    2191724
  188          0    3048192    3048192          0    2191724
  189          0    3048192    3048192          0    2191724
  190          0    3048192    3048192          0    2191724
  191          0    3048192    3048192      92293    2284017
  192          0    3048192    3048192          0    2284017
  193          0    3048192    3048192          0    2284017
  194          0    3048192    3048192          0    2284017
  195          0    3048192    3048192          0    2284017
  196          0    3048192    3048192          0    2284017
  197          0    3048192    3048192          0    2284017
  198          0    3048192    3048192          0    2284017
  199          0    3048192    3048192      89345    2373362
  200          0    3048192    3048192          0    2373362
  201          0    3048192    3048192          0    2373362
  202          0    3048192    3048192          0    2373362
  203          0    3048192    3048192          0    2373362
  204          0    3048192    3048192          0    2373362
  205          0    3048192    3048192      71720    2445082
  206          0    3048192    3048192          0    2445082
  207          0    3048192    3048192          0    2445082
  208          0    3048192    3048192          0    2445082
  209          0    3048192    3048192          0    2445082
  210          0    3048192    3048192          0    2445082
  211          0    3048192    3048192      73425    2518507
  212          0    3048192    3048192          0    2518507
  213          0    3048192    3048192          0    2518507
  214          0    3048192    3048192      43839    2562346
  215          0    3048192    3048192          0    2562346
  216          0    3048192    3048192          0    2562346
  217          0    3048192    3048192      37000    2599346
  218          0    3048192    3048192          0    2599346
  219          0    3048192    3048192          0    2599346
  220          0    3048192    3048192          0    2599346
  221          0    3048192    3048192      37479    2636825
  222          0    3048192    3048192          0    2636825
  223          0    3048192    3048192      34137    2670962
  224          0    3048192    3048192          0    2670962
  225          0    3048192    3048192          0    2670962
  226          0    3048192    3048192      33443    2704405
  227          0    3048192    3048192          0    2704405
  228          0    3048192    3048192          0    2704405
  229          0    3048192    3048192      27240    2731645
  230          0    3048192    3048192          0    2731645
  231          0    3048192    3048192      30458    2762103
  232          0    3048192    3048192          0    2762103
  233          0    3048192    3048192          0    2762103
  234          0    3048192    3048192      29983    2792086
  235          0    3048192    3048192      18882    2810968
  236          0    3048192    3048192      15813    2826781
  237          0    3048192    3048192          0    2826781
  238          0    3048192    3048192      14820    2841601
  239          0    3048192    3048192      13606    2855207
  240          0    3048192    3048192      11186    2866393
  241          0    3048192    3048192      10980    2877373
  242          0    3048192    3048192      10685    2888058
  243          0    3048192    3048192      18541    2906599
  244          0    3048192    3048192      13802    2920401
  245          0    3048192    3048192      11048    2931449
  246          0    3048192    3048192      13000    2944449
  247          0    3048192    3048192      11302    2955751
  248          0    3048192    3048192      14661    2970412
  249          0    3048192    3048192      10900    2981312
  250          0    3048192    3048192      10449    2991761
  251          0    3048192    3048192      12524    3004285
  252          0    3048192    3048192          0    3004285
  253          0    3048192    3048192      15459    3019744
  254          0    3048192    3048192      21805    3041549
  255          0    3048192    3048192       6643    3048192
Running on GPU: Tesla V100S-PCIE-32GB
Hist: 0.911712 ms CDF: 0.036096 ms CDF op: 0.026272 ms equalize: 0.066944 ms

